$ 1 6.25e-8 382.76258214399064 46 5 43 5e-11
c 176 352 176 272 4 0.000001 2.0889345249092774 0.001 0.1
r -32 208 64 208 0 160
w 64 208 176 208 0
w 176 208 176 272 0
w 176 208 320 208 0
w 176 352 176 416 0
w 176 416 320 416 0
w 96 416 176 416 0
w 608 416 688 416 0
w 688 416 832 416 0
w 688 352 688 416 0
w 688 208 688 272 0
w 480 288 480 208 3
r 688 352 688 272 0 160
c 480 208 688 208 4 0.000001 -2.0901688097433535 0.001 0
p 320 208 320 416 3 2 1 10000000
p 832 208 832 416 3 2 1 10000000
w -32 304 -32 208 3
w 688 208 832 208 0
x 562 119 674 122 4 24 Passa\salta
x 68 112 198 115 4 24 Passa\sbaixa
170 480 288 480 336 2 20 4000 5 0.1
170 -32 304 -32 352 2 20 4000 5 0.1
g 96 416 -32 416 0 0
g 608 416 480 416 0 0
o 15 128 0 4619 9.452866320383864 0.0001 0 1
o 16 128 0 4619 5.618510138639918 0.0001 1 1
