$ 13 0.000005 10.20027730826997 40 5 50 5e-11
w -288 208 160 208 3
R -288 96 -288 144 0 0 40 5 0 0 0.5
g -288 208 -288 176 0 0
w -288 96 -64 96 3
r 16 144 80 144 0 2.5
r 16 48 80 48 0 5
w -64 96 16 144 3
w 160 96 80 144 3
w 80 48 160 96 3
w 160 208 160 96 3
w -64 96 16 48 3
g -288 480 -288 448 0 0
R -288 368 -288 416 0 0 40 5 0 0 0.5
w -288 368 -176 368 3
w -288 480 -160 480 0
r -176 368 -96 368 0 5
w -96 368 -16 368 3
r -16 368 80 368 0 2.5
w 80 368 128 368 3
w 128 368 128 480 0
w -160 480 128 480 0
