$ 1 0.000005 15.472767971186109 79 5 50 5e-11
v 432 384 432 256 0 1 60 220 0 0 0.5
w 656 256 832 256 0
w 656 336 656 384 0
p 1072 320 1072 432 1 0 0 10000000
T 592 304 656 304 0 336 0.05455537370430988 0.0016251182552968321 2.0899690940552607e-16 0.999
r 432 256 592 256 0 4400
370 592 384 432 384 3 0 2
d 832 256 896 320 2 default
d 768 320 832 256 2 default
d 768 320 832 384 2 default
w 896 320 960 320 0
w 832 384 656 384 0
w 592 384 592 336 0
w 592 304 592 256 0
w 656 256 656 304 0
d 832 384 896 320 2 default
w 960 432 768 432 0
w 768 432 768 320 0
c 960 320 960 432 4 0.00009999999999999999 11.300706650801661 0.001 0
w 960 320 1072 320 0
w 960 432 1072 432 0
o 3 64 0 4619 20 0.1 0 1
